100
4 3 12
3 2 1
1 5 2
8 1 1
3 2 30
1 2 27
3 2 1
4 1 11
2 1 2
4 1 5
8 2 2
5 10 5000
14 27 31
27 11 44
30 8 20
2000 4000 3
4 13 29
8 14 2
15 12 4
21 2 6
11 10 469
42 3 28
70 7 1
32 10 13
31 8 2
89 9 45
127 118 2
52 7 4
149 8 93
342 113 4
459 5 10
6 61 188
50 14 5
62 49 5
23 11 32
46 67 8
173 42 8
16 16 873
3 17 2
2 6 1
9 15 1
10 5 2
8 2 203
235 11 6
165 25 13
322 6 4
254 9 78
408 16 79
516 13 78
185 67 2
808 8 63
927 9 9
688 20 12
16 54 1848
422 4 2
440 48 60
602 50 72
598 24 2
700 24 240
892 354 12
374 58 4
1320 34 8
1334 22 46
1190 158 22
1558 10 20
1594 6 8
162 30 8
478 72 96
1802 14 46
4 121 1471
20 105 5
52 109 319
262 390 55
10 4 23
1 5 1
2 4 1
2 1 1
2 2 2
7 4 1
9 2 1
10 4 1
12 3 1
5 5 4
4 15 4571
2 14 7
4 7 9
20 12 7
16 9 525
6 5 40
40 35 71
114 23 61
307 5 1
312 3 128
490 6 3
496 5 5
501 6 99
448 75 141
441 9 1
824 4 1
825 5 48
865 17 49
416 34 11
476 14 3
5 69 3116
33 56 14
56 21 143
959 42 15
958 49 20
2 91 2321
28 71 40
10 39 700
37 9 19
54 42 33
52 4 3
78 20 5
160 34 61
212 145 43
318 39 10
220 19 66
378 105 7
4 52 66
13 40 10
7 18 6
11 25 28
9 9 43
8 9 5
16 6 1
18 7 2
10 5 1
23 2 1
25 5 2
11 9 1
37 8 5
6 9 4215
53 3 2
34 5 5
250 5 105
147 69 65
536 9 8
7 13 55
10 7 2
5 8 4
4 17 8
29 11 2
11 3 3
40 12 8
7 50 833
20 44 499
429 57 50
598 12 2
718 13 32
426 42 40
806 30 27
16 13 112
10 11 2
14 6 10
23 3 2
29 7 6
10 2 5
41 3 3
47 4 8
14 3 7
52 13 1
22 3 1
60 8 6
20 5 3
56 11 10
89 13 9
99 6 11
9 23 585
4 22 10
19 10 12
12 21 12
55 22 376
43 43 16
502 8 7
124 19 11
22 22 13
14 15 3609
106 3 2
16 8 1
115 8 2
120 9 34
328 14 3
257 4 2
335 9 4
340 14 2
345 7 197
534 186 1
721 11 28
882 15 44
953 3 12
6 61 871
7 62 8
16 41 19
23 18 704
169 13 27
673 56 24
9 87 2958
201 6 12
195 21 300
108 57 84
1260 84 51
312 195 315
1467 138 15
1593 120 477
2373 525 60
3 105 939
90 41 29
900 64 39
10 22 104
18 8 1
6 5 1
22 14 2
34 14 9
49 6 1
32 18 2
45 10 5
69 11 3
13 9 21
9 6 32
5 2 2
5 2 1
11 3 1
10 6 2
12 6 2
21 3 1
17 6 2
7 5 5
12 26 174
4 25 21
25 4 11
13 27 6
22 40 2
40 28 13
90 23 2
101 8 4
109 21 4
39 15 3
126 14 5
147 19 20
2 264 2583
264 5 141
14 17 275
7 18 50
88 11 3
85 8 123
119 5 3
185 12 2
193 6 20
316 8 7
156 6 139
395 20 3
479 11 3
330 3 1
492 9 10
124 4 2
3 80 349
55 28 197
232 170 79
16 15 891
95 5 2
19 2 1
98 4 29
160 4 33
216 13 17
220 17 6
102 9 39
213 17 5
196 23 29
174 32 7
111 16 1
384 3 1
386 5 209
639 3 49
464 209 9
5 54 123
22 42 7
18 18 12
64 32 7
44 72 7
9 12 1849
8 6 250
339 6 6
196 10 2
23 4 4
358 2 187
846 3 59
395 14 23
245 49 7
7 20 69
11 12 9
5 20 2
10 28 2
46 13 3
6 2 9
47 14 7
11 20 817
89 4 15
106 13 13
308 13 3
297 25 153
488 13 41
109 17 26
208 24 1
569 11 1
305 14 161
727 70 20
15 70 4535
210 10 35
25 5 15
300 15 665
430 155 55
1450 40 35
590 45 5
300 75 5
740 65 5
615 35 20
745 50 745
4135 10 30
4165 50 150
1465 215 5
2400 65 55
8 30 1194
10 23 8
28 18 3
12 19 17
55 25 220
82 59 70
473 27 35
479 354 8
16 390 3900
130 390 104
468 312 26
754 52 26
416 208 78
884 78 156
1170 338 130
1352 364 182
1638 364 286
1976 104 234
1170 390 312
2678 130 130
1976 338 260
3354 234 26
3458 104 26
3536 390 364
16 7 711
1 7 2
7 4 54
106 5 4
110 3 147
274 5 2
278 7 22
155 18 42
212 24 25
66 37 4
442 3 3
446 3 2
452 5 2
458 3 183
367 30 34
710 2 1
8 560 2604
336 476 336
868 112 448
1176 224 28
532 308 56
1512 252 196
1372 392 56
1400 476 308
7 76 1097
274 3 49
263 78 5
416 48 66
303 31 158
846 42 39
936 72 53
14 27 703
99 2 1
106 15 84
225 15 19
227 61 7
302 4 12
291 24 3
251 43 7
47 25 3
354 16 12
344 226 21
39 29 15
635 26 9
325 74 8
6 6 3240
128 5 1
131 2 82
92 30 67
303 80 2
90 42 4
6 40 601
39 6 24
72 23 5
79 39 183
369 26 119
595 14 6
3 21 937
243 4 405
998 15 2
7 8 620
3 8 108
283 6 1
159 9 3
173 4 64
255 93 111
136 69 1
9 52 282
42 16 47
28 3 20
130 26 44
81 20 15
133 15 2
210 35 24
185 60 24
112 33 5
9 4 736
70 2 2
72 4 451
649 3 53
201 3 10
289 14 4
45 4 3
732 3 1
117 4 3
15 4 497
48 5 29
110 3 17
110 4 29
155 33 1
189 3 46
296 3 1
202 4 94
197 6 1
144 4 70
474 3 3
249 4 13
490 2 2
121 4 1
323 4 2
16 9 872
132 3 8
44 15 36
205 4 1
207 5 55
253 146 53
456 5 1
459 3 1
201 9 106
596 3 5
601 8 1
338 2 4
608 8 1
611 3 1
612 4 74
291 193 2
9 8 548
7 8 3
7 3 1
12 2 2
14 8 297
303 70 38
67 42 1
234 2 27
253 72 7
13 35 890
13 32 5
19 14 7
43 10 12
21 17 1
83 34 86
126 11 5
243 5 114
508 32 2
515 32 25
424 30 158
486 184 5
609 43 3
14 588 4200
378 546 336
798 210 126
1008 504 42
1134 84 294
1470 168 126
1596 588 210
2058 168 84
2394 84 42
2562 168 42
2604 252 504
3108 336 336
3528 84 84
3822 378 378
16 42 1473
663 15 9
672 30 3
690 39 78
1047 30 39
705 126 6
1230 30 6
1305 36 3
1320 36 30
1749 12 6
225 18 96
699 63 3
693 39 69
1977 18 33
2010 18 9
951 24 12
13 26 4270
13 26 208
334 4 1
82 11 5
340 18 57
377 94 5
134 22 1
171 14 10
475 19 137
664 15 6
698 8 5
103 36 2
331 13 12
2 540 1970
1990 20 150
11 26 1005
2 26 14
105 6 104
203 117 9
171 20 6
64 25 1
347 21 6
363 21 5
165 10 558
1033 18 5
339 25 22
4 86 570
54 58 52
117 25 189
368 69 1
16 102 3876
60 72 204
216 132 6
360 78 42
414 60 534
912 774 36
1752 102 24
2202 72 12
2214 72 144
2178 96 102
3018 54 204
2388 84 18
564 72 54
2520 408 72
3816 36 12
3828 24 48
16 10 80
8 6 2
2 10 2
16 4 2
10 8 4
14 8 6
12 8 8
6 6 4
16 8 4
44 8 4
48 10 6
12 6 2
58 4 8
26 8 4
70 10 6
40 2 4
9 20 479
204 2 14
219 13 1
279 3 1
291 2 3
295 10 53
446 19 2
265 17 4
460 6 19
7 8 1360
2 10 182
410 4 112
898 4 38
1006 4 298
1352 8 2
1242 2 6
7 360 1542
216 300 6
414 252 78
204 204 24
384 366 30
924 78 120
762 504 78
12 32 130
25 17 6
14 40 1
25 15 3
61 4 2
63 29 3
19 8 7
41 20 1
83 25 19
41 23 1
63 25 4
43 25 12
5 16 4689
339 3 6
345 14 4
331 10 330
679 98 1
6 35 809
26 21 16
25 21 6
37 24 2
63 8 579
347 145 27
5 14 2949
7 12 5
14 8 3
12 5 137
492 10 11
16 5 460
1 6 70
68 56 1
66 8 1
131 4 33
144 6 2
170 2 25
198 4 9
124 78 2
86 1 52
213 39 4
243 14 54
433 17 1
452 5 3
87 4 4
36 3 1
9 14 435
3 12 93
92 40 6
33 10 1
120 12 5
156 2 29
182 116 4
132 83 8
433 11 2
15 15 719
43 4 3
47 14 120
256 15 6
276 14 41
359 2 6
330 20 7
382 7 53
226 39 1
264 17 1
471 2 6
559 7 1
191 10 2
563 5 138
270 10 9
16 9 4730
1 10 96
209 6 36
284 9 9
308 6 3
280 11 70
417 8 8
425 7 1
427 3 338
67 58 1
822 5 9
933 5 6
727 3 56
1039 2 1
1041 8 25
1130 5 4
14 9 653
5 6 68
70 168 8
246 7 2
36 4 3
246 163 1
410 4 11
183 59 1
365 1 1
485 9 3
91 4 1
486 3 70
640 3 3
134 12 3
9 14 638
4 14 8
2 10 146
144 114 6
266 10 34
296 184 2
482 10 2
268 16 684
1208 12 6
2 193 161
240 2 7
13 37 293
20 18 1
21 22 24
18 30 22
23 7 4
63 13 3
105 31 9
125 12 21
129 29 27
194 25 2
201 37 27
230 31 1
65 26 30
3 63 419
61 15 261
301 39 26
10 12 56
5 11 5
6 4 2
7 6 1
9 5 4
18 10 3
22 12 5
16 13 5
25 5 2
30 9 6
16 120 4204
36 92 24
68 40 28
56 44 120
132 1668 188
1372 592 108
2700 40 4
1408 12 20
2728 80 64
1832 100 344
3332 36 32
3372 52 68
3452 36 336
356 64 236
4068 28 28
4140 48 24
11 3 611
2 4 84
84 38 22
144 3 1
145 3 3
145 139 1
15 3 153
281 155 1
570 10 2
42 2 1
486 1 2
7 65 852
37 37 240
144 131 29
435 12 40
631 39 6
327 95 42
818 25 34
9 29 617
11 28 1
11 4 6
20 3 2
28 18 328
389 20 3
257 21 53
490 29 4
47 26 22
16 29 815
1 29 2
34 16 8
27 30 33
41 10 24
128 27 9
155 18 7
84 8 2
12 4 282
240 196 24
687 6 4
760 17 3
764 17 21
789 5 12
170 29 2
660 15 5
5 115 720
65 75 5
15 95 60
65 40 20
75 50 85
2 1044 4964
812 980 528
14 24 181
8 25 6
7 12 9
9 5 11
25 20 12
24 12 4
70 6 12
49 6 6
60 16 3
103 21 1
6 5 12
84 19 17
55 30 11
130 19 5
10 3 640
1 3 75
92 2 2
94 2 52
282 3 1
272 4 1
165 3 65
349 277 3
635 3 2
637 2 3
9 18 76
4 16 5
9 7 1
4 2 3
6 20 5
24 12 8
50 6 1
36 20 5
69 6 5
5 54 444
13 45 96
118 44 7
57 35 3
63 14 48
10 37 730
1 38 8
7 10 22
365 13 4
287 51 13
654 26 1
675 35 48
765 11 26
801 14 1
370 6 14
4 49 340
8 42 179
151 111 6
268 10 37
2 187 3850
546 4 75
16 7 459
1 8 12
23 6 40
195 6 1
34 3 1
202 2 1
203 7 4
88 4 3
207 174 19
419 3 1
422 4 3
426 6 2
62 3 1
431 5 2
433 4 4
439 3 1
10 19 672
10 11 89
86 112 4
76 28 233
464 16 7
293 9 58
439 27 9
559 16 18
578 5 9
587 9 16
12 11 2327
105 1 1
108 11 3
54 3 114
126 49 7
9 2 6
115 4 2
427 6 3
137 11 14
296 47 6
3 3 38
530 9 7
5 47 187
130 5 34
88 41 3
177 30 1
183 20 2
6 72 1039
469 5 17
529 62 201
672 198 15
595 31 4
919 67 18
8 24 690
10 18 67
58 144 1
108 19 73
258 163 5
438 22 134
640 7 28
381 18 16
